2.001259961435871926e+00
8.761563589495997562e-01
3.691470089458649961e-01
1.729684517748894257e-01
1.080341045294077179e-01
1.031633254080530082e-01
1.026112137572659649e-01
7.498602328761931612e-02
3.999189503731265943e-02
6.359377676140397229e-02
5.275662428879689808e-02
8.049342402767750704e-02
8.898397597424205496e-02
9.754758120905007712e-02
1.426485213451087475e-01
1.212563863805224823e-01
6.058968928071760407e-02
5.780875839803728544e-02
7.171022444738135715e-02
4.229630480310128671e-02
5.861404663582722718e-02
4.038408623197146247e-02
2.549458590651591805e-02
4.925114383936048806e-02
9.046996220751034323e-02
5.116514954340433546e-02
2.705148761461098270e-02
2.426396020605499360e-02
1.809770169089578232e-02
9.400585164961915152e-03
