3.379896321604328735e-01
7.638248858913299077e-01
8.845046104923370844e-01
9.526209677419354982e-01
9.664458536332652949e-01
9.782546104923370844e-01
9.671659008149178227e-01
9.808467741935483764e-01
9.899193548387096309e-01
9.848790322580645018e-01
9.868951612903226200e-01
9.795506923429427859e-01
9.755184342784266605e-01
9.681739653310468263e-01
9.513248858913299077e-01
9.671659008149178227e-01
9.825748858913299077e-01
9.815668213752007931e-01
9.795506923429427859e-01
9.879032258064516236e-01
9.768145161290322509e-01
9.899193548387096309e-01
9.906394020203621587e-01
9.843029975891113281e-01
9.694700471816524168e-01
9.889112903225806273e-01
9.899193548387096309e-01
9.926555310526201659e-01
9.949596774193548709e-01
9.979838709677418818e-01
