2.372271952529748373e-01
3.963293780883153095e-01
6.538938780625661584e-01
8.198164900143941614e-01
9.024057785669962195e-01
9.394841392834981653e-01
9.367559750874837610e-01
9.811508158842722205e-01
9.582093457380930213e-01
9.489087462425231934e-01
9.973958432674407959e-01
9.837549726168314246e-01
9.811508158842722205e-01
9.811508158842722205e-01
9.939236243565877649e-01
9.828869303067525598e-01
9.828869203726450232e-01
9.681299726168314246e-01
9.742063879966735840e-01
9.828869203726450232e-01
9.759424825509389612e-01
9.921875099341074256e-01
9.973958432674407959e-01
9.880952437718709680e-01
9.735863308111826209e-01
9.326637188593546179e-01
9.681299825509389612e-01
9.397321740786234168e-01
9.750744303067525598e-01
9.596974551677703857e-01
