2.218858083089192856e+00
1.885472118854522705e+00
1.469842294851938957e+00
9.653924008210500451e-01
5.451292147239049646e-01
2.917233084638913287e-01
2.263658667604128427e-01
1.063257902860641479e-01
1.389057536919911795e-01
1.261067806432644434e-01
4.927745119978984428e-02
6.101046316325664520e-02
7.691550099601347779e-02
8.351942400137583877e-02
3.417378167311350273e-02
6.234382341305414604e-02
7.570668232316772606e-02
8.971621592839558457e-02
9.190752108891804550e-02
8.015462073187033798e-02
8.928760203222434189e-02
4.679548336813846993e-02
4.152113292366266251e-02
6.780873642613489960e-02
9.380052657797932625e-02
1.983221294358372688e-01
1.017446390663584027e-01
2.015080464382966452e-01
8.040848560631275177e-02
1.493185659249623709e-01
