2.168647018345919442e+00
1.473262505097822750e+00
6.587128016081723603e-01
3.042013509707017227e-01
1.437188569795001536e-01
1.726191309704021848e-01
9.295297955924813893e-02
7.590665719048543536e-02
3.468762143430384470e-02
3.314511461014097576e-02
1.934248755093325237e-02
2.893060361119833765e-02
1.379898258230902869e-02
3.247344047254459298e-02
8.304000254297121131e-02
4.126026892018588854e-02
2.030422085557471654e-02
2.221471704119308554e-02
2.861754412085495275e-02
1.155577437020838261e-02
1.128808515442704663e-01
1.867357638495212302e-01
1.468555459922010198e-01
9.656552089886231982e-02
6.118744518607854843e-02
6.697509615597399546e-02
7.660178899426352273e-02
3.888194542378187180e-02
5.187577703459696210e-02
7.549653117629614996e-02
