2.839556329629637776e-01
6.576028357852589101e-01
8.528138724240389434e-01
9.219426512718200684e-01
9.595508954741738261e-01
9.449404965747486562e-01
9.699675603346391561e-01
9.886363798921758983e-01
9.906655929305336894e-01
9.962121302431280467e-01
9.935064966028387401e-01
9.914772781458768280e-01
9.981060678308660838e-01
9.870129932056773692e-01
9.840368140827525645e-01
9.905303228985179453e-01
1.000000000000000000e+00
9.962121248245239258e-01
9.897186322645707968e-01
9.981060678308660838e-01
9.776785807176069376e-01
9.558982849121093750e-01
9.500811966982755097e-01
9.774080298163674296e-01
9.830898534167896718e-01
9.813311858610673788e-01
9.811958995732393829e-01
9.924242604862559824e-01
9.851190610365434530e-01
9.756493785164572774e-01
